0	0	3733,33333333333	-4266,66666666667	533,333333333333	
0	-4266,66666666667	8533,33333333333	-4266,66666666667	0	
533,333333333333	-4266,66666666667	7466,66666666667	-4266,66666666667	533,333333333333	
0	0	-4266,66666666667	8533,33333333333	-4266,66666666667	
533,333333333333	-4266,66666666667	7466,66666666667	-4266,66666666667	533,333333333333	
0	0	-4266,66666666667	8533,33333333333	-4266,66666666667	
533,333333333333	-4266,66666666667	7466,66666666667	-4266,66666666667	533,333333333333	
0	0	-4266,66666666667	8533,33333333333	-4266,66666666667	
533,333333333333	-4266,66666666667	7466,66666666667	-4266,66666666667	533,333333333333	
0	0	-4266,66666666667	8533,33333333333	-4266,66666666667	
533,333333333333	-4266,66666666667	7466,66666666667	-4266,66666666667	533,333333333333	
0	0	-4266,66666666667	8533,33333333333	-4266,66666666667	
533,333333333333	-4266,66666666667	7466,66666666667	-4266,66666666667	533,333333333333	
0	0	-4266,66666666667	8533,33333333333	-4266,66666666667	
533,333333333333	-4266,66666666667	7466,66666666667	-4266,66666666667	533,333333333333	
0	0	-4266,66666666667	8533,33333333333	-4266,66666666667	
533,333333333333	-4266,66666666667	7466,66666666667	-4266,66666666667	533,333333333333	
0	0	-4266,66666666667	8533,33333333333	-4266,66666666667	
533,333333333333	-4266,66666666667	7466,66666666667	-4266,66666666667	533,333333333333	
0	0	-4266,66666666667	8533,33333333333	-4266,66666666667	
533,333333333333	-4266,66666666667	7466,66666666667	-4266,66666666667	533,333333333333	
0	0	-4266,66666666667	8533,33333333333	-4266,66666666667	
533,333333333333	-4266,66666666667	7466,66666666667	-4266,66666666667	533,333333333333	
0	0	-4266,66666666667	8533,33333333333	-4266,66666666667	
533,333333333333	-4266,66666666667	7466,66666666667	-4266,66666666667	533,333333333333	
0	0	-4266,66666666667	8533,33333333333	-4266,66666666667	
533,333333333333	-4266,66666666667	7466,66666666667	-4266,66666666667	533,333333333333	
0	0	-4266,66666666667	8533,33333333333	-4266,66666666667	
533,333333333333	-4266,66666666667	7466,66666666667	-4266,66666666667	533,333333333333	
0	0	-4266,66666666667	8533,33333333333	-4266,66666666667	
533,333333333333	-4266,66666666667	7466,66666666667	-4266,66666666667	533,333333333333	
0	-4266,66666666667	8533,33333333333	-4266,66666666667	0	
533,333333333333	-4266,66666666667	3733,33333333333	0	0	

